MSE_en_char:0.36623579263687134
cos_en_char:0.7930200099945068
rnk_en_char:0.48960609042767395
