MSE_en_electra:1.4000707864761353
cos_en_electra:0.8403289914131165
rnk_en_electra:0.4808353935320353
