MSE_en_sgns:0.8824009895324707
cos_en_sgns:0.28446274995803833
rnk_en_sgns:0.2352702937175318
