MSE_en_char:0.36629822850227356
cos_en_char:0.7965711355209351
rnk_en_char:0.47619278897944184
