MSE_en_electra:1.5054726600646973
cos_en_electra:0.8467971086502075
rnk_en_electra:0.4590349099070756
