MSE_en_sgns:0.8698664307594299
cos_en_sgns:0.2805403769016266
rnk_en_sgns:0.24750565990959247
