MSE_ru_electra:1.850945234298706
cos_ru_electra:0.7294225096702576
rnk_ru_electra:0.4675264653471327
