MSE_ru_electra:2.3685412406921387
cos_ru_electra:0.7325066924095154
rnk_ru_electra:0.4316154165366261
